1	120.7743707	31.59290948	0	0	1
2	120.7731262	31.59241827	0	3	1
3	120.773035	31.5924731	0	3	1
4	120.7729679	31.59257592	0	3	1
5	120.7730028	31.59265131	0	3	1
6	120.7733676	31.59282266	0	3	1
7	120.7733703	31.59290034	0	3	1
8	120.7731074	31.59332529	0	3	1
9	120.7730001	31.59368398	0	3	1
10	120.7722169	31.59372739	0	3	1
11	120.7718924	31.59345552	0	3	1
12	120.7718548	31.59335499	0	3	1
13	120.772453	31.59249824	0	3	1
14	120.7725763	31.5924731	0	3	1
15	120.7727426	31.59253708	0	3	1
16	120.7728982	31.59239314	0	3	1
17	120.7728633	31.5922949	0	3	1
18	120.7723618	31.592071	0	1	4
19	120.7724315	31.59197732	0	2	4
20	120.774411	31.59283637	0	1	1
21	120.774883	31.59303742	0	2	1
22	120.7763502	31.59367485	0	1	2
23	120.7766828	31.59363144	0	2	2
24	120.7769696	31.5932714	0	3	8
25	120.7774821	31.59270386	0	1	2
26	120.7774606	31.59246397	0	2	2
27	120.7759023	31.59164376	0	1	3
28	120.7758191	31.59140843	0	2	3
29	120.7768598	31.59011527	0	1	1
30	120.777069	31.58984567	0	2	1
31	120.7783297	31.58831944	0	1	3
32	120.7786757	31.58815493	0	2	3
33	120.7803065	31.58901401	0	1	1
34	120.7807329	31.58925391	0	2	1
35	120.7834232	31.5907253	0	1	3
36	120.7833427	31.59102917	0	2	3
37	120.7829055	31.59137416	0	3	1
38	120.7825139	31.59172829	0	3	1
39	120.7821387	31.5918473	0	3	9
40	120.7816858	31.5922298	0	3	1
41	120.7815376	31.59252108	0	3	1
42	120.7800543	31.59358346	0	1	3
43	120.7797217	31.59356975	0	2	3
44	120.7779649	31.5926673	0	1	3
45	120.7778147	31.59231546	0	2	3
46	120.778783	31.59119138	0	1	1
47	120.7790807	31.59079384	0	2	1
48	120.7802287	31.5893156	0	1	2
49	120.7801884	31.58913511	0	2	2
50	120.7785764	31.58827374	0	1	1
51	120.7782921	31.58812066	0	2	1
52	120.7769376	31.5874078	0	1	1
53	120.7764816	31.58718389	0	2	1
54	120.7744485	31.58629052	0	1	1
55	120.7741132	31.58615114	0	2	1
56	120.7731128	31.58573987	0	1	1
57	120.7727748	31.58560277	0	2	1
58	120.7714981	31.58509325	0	1	1
59	120.7711709	31.58495616	0	2	1
60	120.7699209	31.58445577	0	1	1
61	120.7695025	31.58432781	0	2	1
62	120.7693309	31.58419529	0	1	3
63	120.769237	31.5838457	0	2	3
64	120.7705379	31.58187837	0	3	1
65	120.7732335	31.57782935	0	3	1
66	120.7787696	31.56857442	0	3	1
67	120.7794911	31.56512587	0	1	3
68	120.7797217	31.56489048	0	2	3
69	120.781728	31.56474878	0	3	1
70	120.7842708	31.56478992	0	3	1
71	120.7899651	31.56529499	0	3	1
72	120.791612	31.56596231	0	1	3
73	120.7916495	31.56610172	0	2	3
74	120.7908663	31.56771287	0	1	3
75	120.7907563	31.567786	0	2	3
76	120.7904345	31.56767859	0	1	3
77	120.7904077	31.56759175	0	2	3
78	120.7910943	31.56588004	0	1	2
79	120.7910487	31.56578177	0	2	2
80	120.78886	31.56494533	0	3	1
81	120.7845497	31.56483334	0	3	1
82	120.7797405	31.56496132	0	1	2
83	120.7795742	31.5651373	0	2	2
84	120.77907	31.5680808	0	3	1
85	120.7768571	31.57261014	0	3	1
86	120.7708302	31.58169786	0	3	1
87	120.7693604	31.58391196	0	1	2
88	120.7694113	31.58409932	0	2	2
89	120.7695857	31.58417472	0	1	1
90	120.7699907	31.5843301	0	2	1
91	120.7712325	31.58481678	0	1	1
92	120.7715893	31.5849653	0	2	1
93	120.7728177	31.58548625	0	1	1
94	120.7731637	31.58560734	0	2	1
95	120.774183	31.5860209	0	1	1
96	120.7745129	31.58615343	0	2	1
97	120.7765675	31.58711077	0	1	3
98	120.7766479	31.58746949	0	2	3
99	120.7740811	31.59000332	0	1	1
100	120.7734749	31.59060877	0	2	1
101	120.7723886	31.59172601	0	7	0
