1	118.8808906	32.0220996	0	0	1
2	118.8814531	32.0214511	0	3	0
3	118.8820007	32.0207369	0	1	1
4	118.8823968	32.0203178	0	2	1
5	118.8834906	32.0189839	0	3	0
6	118.8836685	32.0185532	0	1	2
7	118.8835972	32.0182764	0	2	2
8	118.8824416	32.0177747	0	1	4
9	118.8824874	32.0176147	0	2	4
10	118.8838523	32.0181748	0	1	2
11	118.8842750	32.0180455	0	2	2
12	118.8858746	32.0161830	0	3	0
13	118.8861404	32.0158947	0	1	4
14	118.8862842	32.0159797	0	2	4
15	118.8843142	32.0181748	0	1	2
16	118.8844928	32.0184852	0	2	2
17	118.8864411	32.0193167	0	3	0
18	118.8886454	32.0202876	0	3	0
19	118.8909409	32.0212278	0	1	4
20	118.8909118	32.0212976	0	2	4
21	118.8891863	32.0206864	0	1	3
22	118.8890381	32.0201662	0	2	3
23	118.8898726	32.0192481	0	1	4
24	118.8900240	32.0193048	0	2	4
25	118.8891226	32.0203397	0	1	1
26	118.8888411	32.0205764	0	2	1
27	118.8872734	32.0225293	0	7	0
