1	120.773542 	31.592588 	10.000000 	0	1
2	120.773196 	31.592484 	10.000000 	1	2
3	120.773052 	31.592481 	10.000000 	2	1
4	120.773002 	31.592570 	10.000000 	1	2
5	120.773012 	31.592677 	10.000000 	2	1
6	120.773303 	31.592800 	10.000000 	1	3
7	120.773377 	31.592925 	10.000000 	2	1
8	120.773214 	31.593209 	10.000000 	1	3
9	120.773064 	31.593293 	10.000000 	2	1
10	120.772574 	31.593053 	10.000000 	3	1
11	120.772272 	31.592931 	10.000000 	1	3
12	120.772276 	31.592813 	10.000000 	2	1
13	120.772449	31.592574 	10.000000 	1	3
14	120.772582 	31.592494 	10.000000 	2	1
15	120.772699 	31.592540 	10.000000 	1	2
16	120.772828 	31.592548 	10.000000 	2	1
17	120.772882 	31.592466 	10.000000 	1	2
18	120.772861 	31.592339 	10.000000 	2	1
19	120.772451 	31.592094 	10.000000 	1	4
20	120.772529 	31.592045 	10.000000 	2	1
21	120.773121 	31.592273 	10.000000 	3	1
22	120.773542 	31.592475 	10.000000 	3	1
23	120.774373 	31.592805 	10.000000 	1	1
24	120.774936 	31.593022 	10.000000 	2	1
25	120.775021 	31.593107 	10.000000 	3	1
26	120.775385 	31.593264 	10.000000 	3	1
27	120.775939 	31.593489 	10.000000 	3	1
28	120.776211 	31.593623 	10.000000 	1	2
29	120.776673 	31.593621 	10.000000 	2	1
30	120.776818 	31.593463 	10.000000 	3	1
31	120.777160 	31.593079 	10.000000 	3	1
32	120.777451 	31.592750 	10.000000 	1	2
33	120.777496 	31.592500 	10.000000 	2	1
34	120.776993 	31.592227 	10.000000 	3	1
35	120.776455 	31.591959 	10.000000 	3	1
36	120.776003 	31.591714 	10.000000 	1	3
37	120.775868 	31.591443 	10.000000 	2	1
38	120.776199 	31.591050 	10.000000 	3	1
39	120.776842 	31.590224 	10.000000 	1	1
40	120.777105 	31.589898 	10.000000 	2	1
41	120.778321 	31.588421 	10.000000 	3	1
42	120.778350 	31.588375 	10.000000 	1	3
43	120.778696 	31.588194 	10.000000 	2	1
44	120.778911 	31.588302 	10.000000 	3	1
45	120.780248 	31.589008 	10.000000 	1	1
46	120.780727 	31.589278 	10.000000 	2	1
47	120.781506 	31.589653 	10.000000 	3	1
48	120.783337 	31.590646 	10.000000 	1	3
49	120.783335 	31.591030 	10.000000 	2	1
50	120.782743 	31.591551 	10.000000 	3	1
51	120.782440 	31.591801 	10.000000 	1	3
52	120.782195 	31.591875 	10.000000 	3	1
53	120.782028 	31.591762 	10.000000 	1	2
54	120.781894 	31.591782 	10.000000 	3	0
55	120.781844 	31.591906 	10.000000 	3	0
56	120.781615 	31.592015 	10.000000 	3	0
57	120.781675 	31.592171 	10.000000 	2	1
58	120.781703 	31.592234 	10.000000 	1	3
59	120.781570 	31.592506 	10.000000 	2	1
60	120.781155 	31.592815 	10.000000 	3	1
61	120.780150 	31.593526 	10.000000 	1	3
62	120.779765 	31.593565 	10.000000 	2	1
63	120.778067 	31.592668 	10.000000 	1	3
64	120.777831 	31.592357 	10.000000 	2	1
65	120.778676 	31.591344 	10.000000 	1	1
66	120.779076 	31.590787 	10.000000 	2	1
67	120.780233 	31.589347 	10.000000 	1	2
68	120.780164 	31.589134 	10.000000 	2	1
69	120.778641 	31.588331 	10.000000 	1	1
70	120.778279 	31.588139 	10.000000 	2	1
71	120.777018 	31.587405 	10.000000 	1	1
72	120.776493 	31.587153 	10.000000 	2	1
73	120.774534 	31.586302 	10.000000 	1	1
74	120.774108 	31.586122 	10.000000 	2	1
75	120.773190 	31.585750 	10.000000 	1	1
76	120.772753 	31.585572 	10.000000 	2	1
77	120.771581 	31.585102 	10.000000 	1	1
78	120.771157 	31.584925 	10.000000 	2	1
79	120.770006 	31.584464 	10.000000 	1	1
80	120.769564 	31.584279 	10.000000 	2	1
81	120.769413 	31.584216 	10.000000 	1	3
82	120.769229 	31.583816 	10.000000 	2	1
83	120.772455 	31.578917 	10.000000 	3	1
84	120.773312 	31.577681 	10.000000 	3	1
85	120.774428 	31.575993 	10.000000 	3	1
86	120.774513 	31.575780 	10.000000 	3	1
87	120.775389 	31.574491 	10.000000 	3	1
88	120.776396 	31.572977 	10.000000 	3	1
89	120.777591 	31.571058 	10.000000 	3	1
90	120.778410 	31.569332 	10.000000 	3	1
91	120.779415 	31.565132 	10.000000 	1	3
92	120.779706 	31.564806 	10.000000 	2	1
93	120.780578 	31.564778 	10.000000 	3	1
94	120.781679 	31.564720 	10.000000 	3	1
95	120.782677 	31.564724 	10.000000 	3	1
96	120.783715 	31.564726 	10.000000 	3	1
97	120.784626 	31.564734 	10.000000 	3	1
98	120.786311 	31.564743 	10.000000 	3	1
99	120.788086 	31.564755 	10.000000 	3	1
100	120.790660 	31.565584 	10.000000 	3	1
101	120.791311 	31.565856 	10.000000 	1	3
102	120.791596 	31.566088 	10.000000 	2	1
103	120.791424 	31.566499 	10.000000 	3	1
104	120.790883 	31.567623 	10.000000 	1	3
105	120.790707 	31.567780 	10.000000 	2	1
106	120.790441 	31.567697 	10.000000 	1	3
107	120.790375 	31.567599 	10.000000 	2	1
108	120.790598 	31.567049 	10.000000 	3	1
109	120.791021 	31.565978 	10.000000 	1	2
110	120.790987 	31.565778 	10.000000 	2	1
111	120.790508 	31.565583 	10.000000 	3	1
112	120.789855 	31.565344 	10.000000 	3	1
113	120.789725 	31.565253 	10.000000 	3	1
114	120.789069 	31.564974 	10.000000 	3	1
115	120.787950 	31.564806 	10.000000 	3	1
116	120.786411 	31.564798 	10.000000 	3	1
117	120.785226 	31.564791 	10.000000 	3	1
118	120.783978 	31.564789 	10.000000 	3	1
119	120.783125 	31.564804 	10.000000 	3	1
120	120.782025 	31.564803 	10.000000 	3	1
121	120.780986 	31.564869 	10.000000 	3	1
122	120.779931 	31.564922 	10.000000 	1	2
123	120.779556 	31.565270 	10.000000 	2	1
124	120.779489 	31.566110 	10.000000 	3	1
125	120.779312 	31.567084 	10.000000 	3	1
126	120.778816 	31.568752 	10.000000 	3	1
127	120.778456 	31.569701 	10.000000 	3	1
128	120.777884 	31.570898 	10.000000 	3	1
129	120.777190 	31.572084 	10.000000 	3	1
130	120.776460 	31.573204 	10.000000 	3	1
131	120.775494 	31.574655 	10.000000 	3	1
132	120.769386 	31.567200 	10.000000 	1	2
133	120.769450 	31.567419 	10.000000 	2	1
134	120.769550 	31.584114 	10.000000 	1	1
135	120.770027 	31.584309 	10.000000 	2	1
136	120.771189 	31.584783 	10.000000 	1	1
137	120.771603 	31.584952 	10.000000 	2	1
138	120.772765 	31.585448 	10.000000 	1	1
139	120.773205 	31.585604 	10.000000 	2	1
140	120.774153 	31.585949 	10.000000 	1	1
141	120.774591 	31.586138 	10.000000 	2	1
142	120.776571 	31.587010 	10.000000 	1	3
143	120.776580 	31.587521 	10.000000 	2	1
144	120.775955 	31.588228 	10.000000 	3	1
145	120.775276 	31.588906 	10.000000 	1	1
146	120.774922 	31.589251 	10.000000 	2	1
147	120.774165 	31.589989 	10.000000 	1	1
148	120.773512 	31.590637 	10.000000 	2	1
149	120.773231 	31.590925 	10.000000 	6	0
